
$orca_opt_file

$trust
    0.300000000000

$epredict
    0.000000000000

$ediffsc
  1000.000000000000

$ctyp
  4

$coordinates
 9 6
  -2.60774349   1.62152650   0.04356450  -0.78787557   1.57891221   0.00000000

  -2.66197789   1.62279646   0.04486278  -0.73364116   1.57764225  -0.00129828

  -2.81189386   1.62630692   0.04845151  -0.58372519   1.57413180  -0.00488701

  -2.96180983   1.62981737   0.05204024  -0.43380922   1.57062135  -0.00847574

  -3.08717526   1.63275295   0.05504127  -0.30844379   1.56768577  -0.01147677

  -3.17926862   1.63490942   0.05724583  -0.21635044   1.56552930  -0.01368133

  -3.22791500   1.63604853   0.05841034  -0.16770406   1.56439019  -0.01484584

  -3.24248418   1.63638968   0.05875910  -0.15313487   1.56404903  -0.01519460

  -3.24423550   1.63643069   0.05880102  -0.15138355   1.56400803  -0.01523652


# redundant internal coordinates
#  nbonds nangles ndihedrals nimpropers ncartesians
# bond  definitions A B
# angle definitions A B C
# dihedral definitions A B C D
# improper torsion definitions A B C D
# cartesian definitions A x/y/z
$redundant_internals
 1 0 0 0 0
   1   0   0
$energies
 9
  -7.8419437893763035
  -7.8717291712200250
  -7.9263017346912807
  -7.9538078491666813
  -7.9643907674737484
  -7.9675624476942772
  -7.9680990992997343
  -7.9681328204704114
  -7.9681332265135421

$gradients
 9 6
   0.3052238571698916  -0.0071471658184524  -0.0073065328983902  -0.3052238571699021
   0.0071471658184647   0.0073065328983903
   0.2452648106616672  -0.0057431561460512  -0.0058712167015157  -0.2452648106616755
   0.0057431561460720   0.0058712167015158
   0.1286948475589413  -0.0030135370937607  -0.0030807327653265  -0.1286948475589499
   0.0030135370937724   0.0030807327653269
   0.0606887883754201  -0.0014210974131020  -0.0014527849590127  -0.0606887883754241
   0.0014210974131012   0.0014527849590134
   0.0262148562521560  -0.0006138508512251  -0.0006275384611438  -0.0262148562521575
   0.0006138508512361   0.0006275384611444
   0.0091176452907394  -0.0002135000958626  -0.0002182607083542  -0.0091176452907341
   0.0002135000958676   0.0002182607083545
   0.0021027038227509  -0.0000492372156765  -0.0000503351042048  -0.0021027038227609
   0.0000492372156872   0.0000503351042052
   0.0002256390808240  -0.0000052835972164  -0.0000054014105665  -0.0002256390808388
   0.0000052835972285   0.0000054014105666
   0.0000064064412391  -0.0000001500141364  -0.0000001533591574  -0.0000064064412475
   0.0000001500141513   0.0000001533591580

$redundant_coords
 9 1
   1.8208879932969460
   1.9294176038188813
   2.2294176038188813
   2.5294176038188816
   2.7802890037957466
   2.9645789603450181
   3.0619262524648452
   3.0910809554994523
   3.0945855547015393

$redundant_gradients
 9 1
  -0.3053949416540840
  -0.2454022868210068
  -0.1287669837668302
  -0.0607228057361600
  -0.0262295502384050
  -0.0091227559254559
  -0.0021038824331116
  -0.0002257655563503
  -0.0000064100321901

$hessian_approx
 6 6
                  0          1          2          3          4          5    
      0       0.062521  -0.001464  -0.001497  -0.062521   0.001464   0.001497
      1      -0.001464   0.000035   0.000035   0.001464  -0.000035  -0.000035
      2      -0.001497   0.000035   0.000036   0.001497  -0.000035  -0.000036
      3      -0.062521   0.001464   0.001497   0.062521  -0.001464  -0.001497
      4       0.001464  -0.000035  -0.000035  -0.001464   0.000035   0.000035
      5       0.001497  -0.000035  -0.000036  -0.001497   0.000035   0.000036

$bmatrix
 1 6
                  0          1          2          3          4          5    
      0      -0.999440   0.023403   0.023925   0.999440  -0.023403  -0.023925

